4294967294,11
4294967294,475
4294967294,979
4294967294,22
4294967294,17
4294967294,42
4294967294,67
4294967294,76
4294967294,41
4294967294,14
4294967294,20
4294967294,472
4294967294,12
4294967294,972
4294967294,68
4294967293,131
4294967293,130
4294967293,129
4294967293,128
4294967293,127
4294967293,126
4294967293,125
4294967293,124
4294967293,123
4294967293,122
4294967293,121
4294967293,120
4294967293,119
4294967293,118
4294967293,117
4294967293,116
4294967293,115
4294967293,114
4294967293,113
4294967293,112
4294967293,111
4294967293,110
4294967293,109
4294967293,108
4294967293,107
4294967293,106
4294967293,105
4294967293,104
4294967293,103
4294967293,102
4294967293,101
4294967293,100
4294967293,99
4294967293,98
4294967293,97
4294967293,96
4294967293,95
4294967293,94
4294967293,93
4294967293,92
4294967293,91
4294967293,90
4294967293,89
4294967293,87
4294967293,86
4294967293,85
4294967293,84
4294967293,83
4294967293,82
4294967293,81
4294967293,80
4294967293,79
4294967293,78
4294967293,77
4294967293,76
4294967293,75
4294967293,74
4294967293,73
4294967293,72
4294967293,71
4294967293,70
4294967293,69
4294967293,68
4294967293,67
4294967293,66
4294967293,65
4294967293,64
4294967293,63
4294967293,62
4294967293,61
4294967293,60
4294967293,59
4294967293,58
4294967293,57
4294967293,56
4294967293,55
4294967293,54
4294967293,53
4294967293,52
4294967293,51
4294967293,50
4294967293,49
4294967293,48
4294967293,47
4294967293,46
4294967293,45
4294967293,44
4294967293,43
4294967293,42
4294967293,41
4294967293,40
4294967293,39
4294967293,38
4294967293,37
4294967293,36
4294967293,35
4294967293,34
4294967293,33
4294967293,32
4294967293,31
4294967293,30
4294967293,29
4294967293,28
4294967293,27
4294967293,26
4294967293,25
4294967293,24
4294967293,23
4294967293,22
4294967293,21
4294967293,20
4294967293,19
4294967293,18
4294967293,17
4294967293,16
4294967293,15
4294967293,14
4294967293,13
4294967293,12
4294967293,11
4294967293,10
4294967293,9
4294967293,8
4294967293,7
4294967293,6
4294967293,5
4294967293,4
4294967293,3
4294967278,132
4294967278,130
4294967278,129
4294967278,127
4294967278,126
4294967278,125
4294967278,124
4294967278,123
4294967278,122
4294967278,120
4294967278,119
4294967278,100
4294967278,96
4294967278,348
4294967278,562
4294967278,95
4294967278,93
4294967278,92
4294967278,91
4294967278,90
4294967278,89
4294967278,87
4294967278,85
4294967278,84
4294967278,543
4294967278,83
4294967278,82
4294967278,81
4294967278,80
4294967278,79
4294967278,537
4294967278,78
4294967278,347
4294967278,536
4294967278,77
4294967278,535
4294967278,76
4294967278,534
4294967278,75
4294967278,533
4294967278,74
4294967278,73
4294967278,72
4294967278,71
4294967278,70
4294967278,69
4294967278,529
4294967278,68
4294967278,67
4294967278,66
4294967278,65
4294967278,64
4294967278,63
4294967278,62
4294967278,61
4294967278,60
4294967278,59
4294967278,58
4294967278,57
4294967278,56
4294967278,51
4294967278,46
4294967278,36
4294967278,26
4294967278,21
4294967278,20
4294967278,17
4294967278,15
4294967278,11
4294967278,10
4294967278,6
4294967278,538
4294967278,5
4294967278,88
4294967278,0
4294967278,4
4294967279,113
4294967279,104
4294967279,103
4294967279,408
4294967279,101
4294967279,96
4294967279,363
4294967279,95
4294967279,93
4294967279,92
4294967279,350
4294967279,90
4294967279,89
4294967279,87
4294967279,85
4294967279,344
4294967279,84
4294967279,77
4294967279,336
4294967279,76
4294967279,75
4294967279,71
4294967279,357
4294967279,69
4294967279,63
4294967279,57
4294967279,52
4294967279,47
4294967279,42
4294967279,36
4294967279,30
4294967279,26
4294967279,346
4294967279,174
4294967279,0
4294967279,260
4294967294,1679
4294967294,1678
4294967294,480
4294967278,567
4294967278,558
4294967279,406
4294967279,335
4294967294,924
4294967294,1423
4294967294,178
4294967294,476
4294967294,478
4294967294,1675
4294967294,501
4294967294,952
4294967294,925
4294967294,5
4294967294,1677
4294967294,742
4294967294,741
4294967294,737
4294967294,547
4294967294,734
4294967294,733
4294967294,732
4294967294,731
4294967294,729
4294967294,728
4294967294,1573
4294967294,727
4294967294,72
4294967294,725
4294967294,723
4294967294,71
4294967294,711
4294967294,569
4294967294,554
4294967294,161
4294967294,701
4294967294,699
4294967294,70
4294967294,568
4294967294,697
4294967294,696
4294967294,686
4294967294,685
4294967294,676
4294967294,675
4294967294,673
4294967294,669
4294967294,663
4294967294,99
1,0
4294967294,662
4294967294,104
4294967294,106
4294967294,107
4294967294,660
4294967294,658
4294967294,657
4294967294,656
4294967294,654
4294967294,653
4294967294,954
4294967294,1572
4294967294,1669
4294967294,650
4294967294,649
4294967294,648
4294967294,647
4294967294,1670
4294967294,1570
4294967294,638
4294967294,637
4294967294,1571
4294967294,768
4294967294,636
4294967294,635
4294967294,634
4294967294,824
4294967294,631
4294967294,1569
4294967294,629
4294967294,625
4294967294,1433
4294967294,1568
4294967294,808
4294967294,1134
4294967294,616
4294967294,615
4294967294,614
4294967294,613
4294967294,611
4294967294,610
4294967294,608
4294967294,607
4294967294,606
4294967294,605
4294967294,603
4294967294,602
4294967294,601
4294967294,600
4294967294,599
4294967294,598
4294967294,597
4294967294,596
4294967294,595
4294967294,1443
4294967294,594
4294967294,593
4294967294,592
4294967294,591
4294967294,590
4294967294,589
4294967294,588
4294967294,586
4294967294,585
4294967294,583
4294967294,582
4294967294,581
4294967294,580
4294967294,318
4294967294,313
4294967294,312
4294967294,308
4294967294,305
4294967294,304
4294967294,298
4294967294,296
4294967294,295
4294967294,294
4294967294,553
4294967294,280
4294967294,277
4294967294,271
4294967294,270
4294967294,268
4294967294,1671
4294967294,258
4294967294,257
4294967294,256
4294967294,254
4294967294,253
4294967294,1567
4294967294,242
4294967294,239
4294967294,238
4294967294,237
4294967294,234
4294967294,231
4294967294,795
4294967294,230
4294967294,223
4294967294,544
4294967294,218
4294967294,216
4294967294,215
4294967294,212
4294967294,1566
4294967294,207
4294967294,204
4294967294,203
4294967294,201
4294967294,198
4294967294,197
4294967294,196
4294967294,195
4294967294,194
4294967294,192
4294967294,430
4294967294,1142
4294967294,537
4294967294,536
4294967294,1143
4294967294,525
4294967294,1440
4294967294,1564
4294967294,1322
4294967294,1565
4294967294,785
4294967294,953
4294967294,1563
4294967294,1317
4294967294,1668
4294967294,1562
4294967294,167
4294967294,1138
4294967294,24
4294967294,1561
4294967294,1140
4294967294,140
4294967294,1441
4294967294,393
4294967294,1611
4294967294,791
4294967294,990
4294967294,987
4294967279,328
4294967278,525
4294967278,524
4294967278,308
4294967279,322
4294967278,518
4294967278,310
4294967278,274
4294967278,343
4294967279,302
4294967279,291
4294967278,298
4294967279,404
4294967278,296
4294967278,277
4294967278,346
4294967278,342
4294967279,403
4294967279,402
4294967278,345
4294967278,341
4294967279,219
4294967278,344
4294967294,1667
4294967294,1408
4294967294,2
4294967294,1560
4294967294,1559
4294967294,1665
4294967294,1666
4294967294,1130
4294967294,1558
4294967294,1557
4294967294,1340
4294967294,1556
4294967294,1555
4294967294,1553
4294967294,1664
4294967294,784
4294967294,1089
4294967294,1136
4294967294,130
4294967294,1634
4294967294,792
4294967294,1131
4294967294,1
4294967294,1603
4294967294,129
4294967294,1093
4294967294,1415
4294967294,83
4294967294,1129
4294967294,1616
4294967294,27
4294967294,1609
4294967294,26
4294967294,1624
4294967294,51
4294967294,901
4294967294,1548
4294967294,92
4294967294,91
4294967294,90
4294967294,88
4294967294,87
4294967294,86
4294967294,45
4294967294,29
4294967294,28
4294967294,25
4294967294,1547
4294967294,53
4294967294,1608
4294967294,989
4294967294,82
4294967294,52
4294967294,1546
4294967294,44
4294967294,43
4294967294,1620
4294967294,3
4294967294,1617
4294967294,1618
4294967294,137
4294967294,1458
4294967294,1612
4294967294,8
4294967294,1615
4294967294,1470
4294967294,1542
4294967294,1607
4294967294,1613
4294967294,455
4294967294,425
4294967294,139
4294967294,506
4294967294,131
4294967294,1471
4294967294,1469
4294967294,1457
4294967294,1537
4294967294,1536
4294967294,1600
4294967294,902
4294967294,127
4294967294,1602
4294967294,409
4294967294,444
4294967294,392
4294967294,1342
4294967294,1468
4294967294,1113
4294967294,1463
4294967294,153
4294967294,152
4294967294,771
4294967294,443
4294967294,1454
4294967294,1418
4294967294,145
4294967294,432
4294967294,459
4294967294,1622
4294967294,125
4294967294,1132
4294967294,1137
4294967294,1095
4294967294,1475
4294967294,1474
4294967294,1473
4294967294,1472
4294967294,383
4294967294,381
4294967294,382
4294967294,380
4294967294,379
4294967294,378
4294967294,377
4294967294,376
4294967294,375
4294967294,374
4294967294,373
4294967294,372
4294967294,371
4294967279,325
4294967279,304
4294967279,400
4294967278,280
4294967279,217
4294967279,401
4294967279,396
4294967279,315
4294967278,517
4294967278,289
4294967279,318
4294967279,138
4294967278,275
4294967278,295
4294967279,399
4294967279,393
4294967278,339
4294967278,337
4294967279,398
4294967278,336
4294967279,397
4294967279,395
4294967279,392
4294967278,335
4294967278,340
4294967278,338
4294967279,394
4294967279,317
4294967294,463
4294967294,1422
4294967294,452
4294967294,453
4294967294,1672
4294967294,1411
4294967294,1450
4294967294,422
4294967294,398
4294967294,408
4294967294,1435
4294967294,402
4294967294,406
4294967294,0
4294967294,400
4294967294,413
4294967294,415
4294967294,450
4294967294,407
4294967294,411
4294967294,412
4294967294,461
4294967294,181
4294967294,385
4294967294,184
4294967294,180
4294967294,419
4294967294,1416
4294967294,401
4294967294,188
4294967294,1133
4294967294,84
4294967294,370
4294967294,369
4294967294,368
4294967294,367
4294967294,366
4294967294,364
4294967294,365
4294967294,363
4294967294,362
4294967294,361
4294967294,360
4294967294,359
4294967294,179
4294967294,358
4294967294,357
4294967294,356
4294967294,355
4294967294,354
